1
2
3
4
5
7
8
9
10
11
12
13
14
15
16
20
22
30
31
32
40
41
50
51
52
53
54
55
56
57
58
59
60
61
62
63
64
66
67
68
100
101
102
103
104
105
120
121
122
123
124
125
140
141
142
143
144
145
146
150
151
152
153
160
170
171
172
173
174
175
176
177
178
179
180
190
191
192
193
194
195
200
201
202
220
221
222
223
250
251
252
253
254
255
256
257
258
#259
300
301
302
303
304
305
306
307
308
309
310
311
312
313
314
315
317
318
319
320
321
322
323
324
325
326
327
328
329
330
331
332
333
334
335
336
399
400
401
402
403
404
405
407
409
410
411
412
413
414
415
416
417
418
419
420
421
422
423
424
425
426
427
428
429
430
431
432
433
434
435
436
437
438
439
440
441
442
#443
444
445
446
447
448
449
450
451
452
453
454
455
456
457
458
459
460
461
462
463
464
480
481
482
483
484
485
486
487
488
489
490
491
492
500
501
502
503
504
505
506
507
508
510
511
512
513
514
515
520
521
522
523
524
525
530
531
532
533
534
535
540
541
542
543
544
545
546
547
600
601
602
603
604
605
606
700
701
702
703
#704
#705
710
711
712
713
#714
#715
720
721
722
799
900
901
902
903
904
905
906
907
908
909
